#Sun Jun 14 10:47:57 MSK 2020
colorBlue=0.250980406999588
x=676
name=Dorm 6
y=510
colorRed=0.250980406999588
colorGreen=0.250980406999588
population=115
